2_modelagem-hidrodinamica/1_MDTs/i01Z05.tif
NCOLS 2400
NROWS 240
XLLCORNER 611086
YLLCORNER 7796520
CELLSIZE 5
NODATA_VALUE -9999
[rows 33 to 65 of 240, columns 2220 to 2293 of 2400]
910.6 910.55 910.5 910.45 910.4 910.35 910.3 910.25 910.2 910.15 910.1 910.05 910 909.95 909.9 909.85 909.8 909.75 909.7 909.65 909.6 909.55 909.5 909.45 909.4 909.35 909.3 909.25 909.2 909.15 909.1 909.05 909 908.95 908.9 908.85 908.8 908.75 908.7 908.65 908.6 908.55 908.5 908.45 908.4 908.35 908.3 908.25 908.2 908.15 908.1 908.05 908 907.95 907.9 907.85 907.8 907.75 907.7 907.65 907.6 907.55 907.5 907.45 907.4 907.35 907.3 907.25 907.2 907.15 907.1 907.05 907 906.95
910.35 910.3 910.25 910.2 910.15 910.1 910.05 910 909.95 909.9 909.85 909.8 909.75 909.7 909.65 909.6 909.55 909.5 909.45 909.4 909.35 909.3 909.25 909.2 909.15 909.1 909.05 909 908.95 908.9 908.85 908.8 908.75 908.7 908.65 908.6 908.55 908.5 908.45 908.4 908.35 908.3 908.25 908.2 908.15 908.1 908.05 908 907.95 907.9 907.85 907.8 907.75 907.7 907.65 907.6 907.55 907.5 907.45 907.4 907.35 907.3 907.25 907.2 907.15 907.1 907.05 907 906.95 906.9 906.85 906.8 906.75 906.7
910.1 910.05 910 909.95 909.9 909.85 909.8 909.75 909.7 909.65 909.6 909.55 909.5 909.45 909.4 909.35 909.3 909.25 909.2 909.15 909.1 909.05 909 908.95 908.9 908.85 908.8 908.75 908.7 908.65 908.6 908.55 908.5 908.45 908.4 908.35 908.3 908.25 908.2 908.15 908.1 908.05 908 907.95 907.9 907.85 907.8 907.75 907.7 907.65 907.6 907.55 907.5 907.45 907.4 907.35 907.3 907.25 907.2 907.15 907.1 907.05 907 906.95 906.9 906.85 906.8 906.75 906.7 906.65 906.6 906.55 906.5 906.45
909.85 909.8 909.75 909.7 909.65 909.6 909.55 909.5 909.45 909.4 909.35 909.3 909.25 909.2 909.15 909.1 909.05 909 908.95 908.9 908.85 908.8 908.75 908.7 908.65 908.6 908.55 908.5 908.45 908.4 908.35 908.3 908.25 908.2 908.15 908.1 908.05 908 907.95 907.9 907.85 907.8 907.75 907.7 907.65 907.6 907.55 907.5 907.45 907.4 907.35 907.3 907.25 907.2 907.15 907.1 907.05 907 906.95 906.9 906.85 906.8 906.75 906.7 906.65 906.6 906.55 906.5 906.45 906.4 906.35 906.3 906.25 906.2
909.6 909.55 909.5 909.45 909.4 909.35 909.3 909.25 909.2 909.15 909.1 909.05 909 908.95 908.9 908.85 908.8 908.75 908.7 908.65 908.6 908.55 908.5 908.45 908.4 908.35 908.3 908.25 908.2 908.15 908.1 908.05 908 907.95 907.9 907.85 907.8 907.75 907.7 907.65 907.6 907.55 907.5 907.45 907.4 907.35 907.3 907.25 907.2 907.15 907.1 907.05 907 906.95 906.9 906.85 906.8 906.75 906.7 906.65 906.6 906.55 906.5 906.45 906.4 906.35 906.3 906.25 906.2 906.15 906.1 906.05 906 905.95
909.35 909.3 909.25 909.2 909.15 909.1 909.05 909 908.95 908.9 908.85 908.8 908.75 908.7 908.65 908.6 908.55 908.5 908.45 908.4 908.35 908.3 908.25 908.2 908.15 908.1 908.05 908 907.95 907.9 907.85 907.8 907.75 907.7 907.65 907.6 907.55 907.5 907.45 907.4 907.35 907.3 907.25 907.2 907.15 907.1 907.05 907 906.95 906.9 906.85 906.8 906.75 906.7 906.65 906.6 906.55 906.5 906.45 906.4 906.35 906.3 906.25 906.2 906.15 906.1 906.05 906 905.95 905.9 905.85 905.8 905.75 905.7
909.1 909.05 909 908.95 908.9 908.85 908.8 908.75 908.7 908.65 908.6 908.55 908.5 908.45 908.4 908.35 908.3 908.25 908.2 908.15 908.1 908.05 908 907.95 907.9 907.85 907.8 907.75 907.7 907.65 907.6 907.55 907.5 907.45 907.4 907.35 907.3 907.25 907.2 907.15 907.1 907.05 907 906.95 906.9 906.85 906.8 906.75 906.7 906.65 906.6 906.55 906.5 906.45 906.4 906.35 906.3 906.25 906.2 906.15 906.1 906.05 906 905.95 905.9 905.85 905.8 905.75 905.7 905.65 905.6 905.55 905.5 905.45
908.85 908.8 908.75 908.7 908.65 908.6 908.55 908.5 908.45 908.4 908.35 908.3 908.25 908.2 908.15 908.1 908.05 908 907.95 907.9 907.85 907.8 907.75 907.7 907.65 907.6 907.55 907.5 907.45 907.4 907.35 907.3 907.25 907.2 907.15 907.1 907.05 907 906.95 906.9 906.85 906.8 906.75 906.7 906.65 906.6 906.55 906.5 906.45 906.4 906.35 906.3 906.25 906.2 906.15 906.1 906.05 906 905.95 905.9 905.85 905.8 905.75 905.7 905.65 905.6 905.55 905.5 905.45 905.4 905.35 905.3 905.25 905.2
908.6 908.55 908.5 908.45 908.4 908.35 908.3 908.25 908.2 908.15 908.1 908.05 908 907.95 907.9 907.85 907.8 907.75 907.7 907.65 907.6 907.55 907.5 907.45 907.4 907.35 907.3 907.25 907.2 907.15 907.1 907.05 907 906.95 906.9 906.85 906.8 906.75 906.7 906.65 906.6 906.55 906.5 906.45 906.4 906.35 906.3 906.25 906.2 906.15 906.1 906.05 906 905.95 905.9 905.85 905.8 905.75 905.7 905.65 905.6 905.55 905.5 905.45 905.4 905.35 905.3 905.25 905.2 905.15 905.1 905.05 905 904.95
908.35 908.3 908.25 908.2 908.15 908.1 908.05 908 907.95 907.9 907.85 907.8 907.75 907.7 907.65 907.6 907.55 907.5 907.45 907.4 907.35 907.3 907.25 907.2 907.15 907.1 907.05 907 906.95 906.9 906.85 906.8 906.75 906.7 906.65 906.6 906.55 906.5 906.45 906.4 906.35 906.3 906.25 906.2 906.15 906.1 906.05 906 905.95 905.9 905.85 905.8 905.75 905.7 905.65 905.6 905.55 905.5 905.45 905.4 905.35 905.3 905.25 905.2 905.15 905.1 905.05 905 904.95 904.9 904.85 904.8 904.75 904.7
908.1 908.05 908 907.95 907.9 907.85 907.8 907.75 907.7 907.65 907.6 907.55 907.5 907.45 907.4 907.35 907.3 907.25 907.2 907.15 907.1 907.05 907 906.95 906.9 906.85 906.8 906.75 906.7 906.65 906.6 906.55 906.5 906.45 906.4 906.35 906.3 906.25 906.2 906.15 906.1 906.05 906 905.95 905.9 905.85 905.8 905.75 905.7 905.65 905.6 905.55 905.5 905.45 905.4 905.35 905.3 905.25 905.2 905.15 905.1 905.05 905 904.95 904.9 904.85 904.8 904.75 904.7 904.65 904.6 904.55 904.5 904.45
907.85 907.8 907.75 907.7 907.65 907.6 907.55 907.5 907.45 907.4 907.35 907.3 907.25 907.2 907.15 907.1 907.05 907 906.95 906.9 906.85 906.8 906.75 906.7 906.65 906.6 906.55 906.5 906.45 906.4 906.35 906.3 906.25 906.2 906.15 906.1 906.05 906 905.95 905.9 905.85 905.8 905.75 905.7 905.65 905.6 905.55 905.5 905.45 905.4 905.35 905.3 905.25 905.2 905.15 905.1 905.05 905 904.95 904.9 904.85 904.8 904.75 904.7 904.65 904.6 904.55 904.5 904.45 904.4 904.35 904.3 904.25 904.2
907.6 907.55 907.5 907.45 907.4 907.35 907.3 907.25 907.2 907.15 907.1 907.05 907 906.95 906.9 906.85 906.8 906.75 906.7 906.65 906.6 906.55 906.5 906.45 906.4 906.35 906.3 906.25 906.2 906.15 906.1 906.05 906 905.95 905.9 905.85 905.8 905.75 905.7 905.65 905.6 905.55 905.5 905.45 905.4 905.35 905.3 905.25 905.2 905.15 905.1 905.05 905 904.95 904.9 904.85 904.8 904.75 904.7 904.65 904.6 904.55 904.5 904.45 904.4 904.35 904.3 904.25 904.2 904.15 904.1 904.05 904 903.95
907.35 907.3 907.25 907.2 907.15 907.1 907.05 907 906.95 906.9 906.85 906.8 906.75 906.7 906.65 906.6 906.55 906.5 906.45 906.4 906.35 906.3 906.25 906.2 906.15 906.1 906.05 906 905.95 905.9 905.85 905.8 905.75 905.7 905.65 905.6 905.55 905.5 905.45 905.4 905.35 905.3 905.25 905.2 905.15 905.1 905.05 905 904.95 904.9 904.85 904.8 904.75 904.7 904.65 904.6 904.55 904.5 904.45 904.4 904.35 904.3 904.25 904.2 904.15 904.1 904.05 904 903.95 903.9 903.85 903.8 903.75 903.7
907.1 907.05 907 906.95 906.9 906.85 906.8 906.75 906.7 906.65 906.6 906.55 906.5 906.45 906.4 906.35 906.3 906.25 906.2 906.15 906.1 906.05 906 905.95 905.9 905.85 905.8 905.75 905.7 905.65 905.6 905.55 905.5 905.45 905.4 905.35 905.3 905.25 905.2 905.15 905.1 905.05 905 904.95 904.9 904.85 904.8 904.75 904.7 904.65 904.6 904.55 904.5 904.45 904.4 904.35 904.3 904.25 904.2 904.15 904.1 904.05 904 903.95 903.9 903.85 903.8 903.75 903.7 903.65 903.6 903.55 903.5 903.45
906.85 906.8 906.75 906.7 906.65 906.6 906.55 906.5 906.45 906.4 906.35 906.3 906.25 906.2 906.15 906.1 906.05 906 905.95 905.9 905.85 905.8 905.75 905.7 905.65 905.6 905.55 905.5 905.45 905.4 905.35 905.3 905.25 905.2 905.15 905.1 905.05 905 904.95 904.9 904.85 904.8 904.75 904.7 904.65 904.6 904.55 904.5 904.45 904.4 904.35 904.3 904.25 904.2 904.15 904.1 904.05 904 903.95 903.9 903.85 903.8 903.75 903.7 903.65 903.6 903.55 903.5 903.45 903.4 903.35 903.3 903.25 903.2
906.6 906.55 906.5 906.45 906.4 906.35 906.3 906.25 906.2 906.15 906.1 906.05 906 905.95 905.9 905.85 905.8 905.75 905.7 905.65 905.6 905.55 905.5 905.45 905.4 905.35 905.3 905.25 905.2 905.15 905.1 905.05 905 904.95 904.9 904.85 904.8 904.75 904.7 904.65 904.6 904.55 904.5 904.45 904.4 904.35 904.3 904.25 904.2 904.15 904.1 904.05 904 903.95 903.9 903.85 903.8 903.75 903.7 903.65 903.6 903.55 903.5 903.45 903.4 903.35 903.3 903.25 903.2 903.15 903.1 903.05 903 902.95
906.35 906.3 906.25 906.2 906.15 906.1 906.05 906 905.95 905.9 905.85 905.8 905.75 905.7 905.65 905.6 905.55 905.5 905.45 905.4 905.35 905.3 905.25 905.2 905.15 905.1 905.05 905 904.95 904.9 904.85 904.8 904.75 904.7 904.65 904.6 904.55 904.5 904.45 904.4 904.35 904.3 904.25 904.2 904.15 904.1 904.05 904 903.95 903.9 903.85 903.8 903.75 903.7 903.65 903.6 903.55 903.5 903.45 903.4 903.35 903.3 903.25 903.2 903.15 903.1 903.05 903 902.95 902.9 902.85 902.8 902.75 902.7
906.1 906.05 906 905.95 905.9 905.85 905.8 905.75 905.7 905.65 905.6 905.55 905.5 905.45 905.4 905.35 905.3 905.25 905.2 905.15 905.1 905.05 905 904.95 904.9 904.85 904.8 904.75 904.7 904.65 904.6 904.55 904.5 904.45 904.4 904.35 904.3 904.25 904.2 904.15 904.1 904.05 904 903.95 903.9 903.85 903.8 903.75 903.7 903.65 903.6 903.55 903.5 903.45 903.4 903.35 903.3 903.25 903.2 903.15 903.1 903.05 903 902.95 902.9 902.85 902.8 902.75 902.7 902.65 902.6 902.55 902.5 902.45
905.85 905.8 905.75 905.7 905.65 905.6 905.55 905.5 905.45 905.4 905.35 905.3 905.25 905.2 905.15 905.1 905.05 905 904.95 904.9 904.85 904.8 904.75 904.7 904.65 904.6 904.55 904.5 904.45 904.4 904.35 904.3 904.25 904.2 904.15 904.1 904.05 904 903.95 903.9 903.85 903.8 903.75 903.7 903.65 903.6 903.55 903.5 903.45 903.4 903.35 903.3 903.25 903.2 903.15 903.1 903.05 903 902.95 902.9 902.85 902.8 902.75 902.7 902.65 902.6 902.55 902.5 902.45 902.4 902.35 902.3 902.25 902.2
905.6 905.55 905.5 905.45 905.4 905.35 905.3 905.25 905.2 905.15 905.1 905.05 905 904.95 904.9 904.85 904.8 904.75 904.7 904.65 904.6 904.55 904.5 904.45 904.4 904.35 904.3 904.25 904.2 904.15 904.1 904.05 904 903.95 903.9 903.85 903.8 903.75 903.7 903.65 903.6 903.55 903.5 903.45 903.4 903.35 903.3 903.25 903.2 903.15 903.1 903.05 903 902.95 902.9 902.85 902.8 902.75 902.7 902.65 902.6 902.55 902.5 902.45 902.4 902.35 902.3 902.25 902.2 902.15 902.1 902.05 902 901.95
905.35 905.3 905.25 905.2 905.15 905.1 905.05 905 904.95 904.9 904.85 904.8 904.75 904.7 904.65 904.6 904.55 904.5 904.45 904.4 904.35 904.3 904.25 904.2 904.15 904.1 904.05 904 903.95 903.9 903.85 903.8 903.75 903.7 903.65 903.6 903.55 903.5 903.45 903.4 903.35 903.3 903.25 903.2 903.15 903.1 903.05 903 902.95 902.9 902.85 902.8 902.75 902.7 902.65 902.6 902.55 902.5 902.45 902.4 902.35 902.3 902.25 902.2 902.15 902.1 902.05 902 901.95 901.9 901.85 901.8 901.75 901.7
905.1 905.05 905 904.95 904.9 904.85 904.8 904.75 904.7 904.65 904.6 904.55 904.5 904.45 904.4 904.35 904.3 904.25 904.2 904.15 904.1 904.05 904 903.95 903.9 903.85 903.8 903.75 903.7 903.65 903.6 903.55 903.5 903.45 903.4 903.35 903.3 903.25 903.2 903.15 903.1 903.05 903 902.95 902.9 902.85 902.8 902.75 902.7 902.65 902.6 902.55 902.5 902.45 902.4 902.35 902.3 902.25 902.2 902.15 902.1 902.05 902 901.95 901.9 901.85 901.8 901.75 901.7 901.65 901.6 901.55 901.5 901.45
904.85 904.8 904.75 904.7 904.65 904.6 904.55 904.5 904.45 904.4 904.35 904.3 904.25 904.2 904.15 904.1 904.05 904 903.95 903.9 903.85 903.8 903.75 903.7 903.65 903.6 903.55 903.5 903.45 903.4 903.35 903.3 903.25 903.2 903.15 903.1 903.05 903 902.95 902.9 902.85 902.8 902.75 902.7 902.65 902.6 902.55 902.5 902.45 902.4 902.35 902.3 902.25 902.2 902.15 902.1 902.05 902 901.95 901.9 901.85 901.8 901.75 901.7 901.65 901.6 901.55 901.5 901.45 901.4 901.35 901.3 901.25 901.2
904.6 904.55 904.5 904.45 904.4 904.35 904.3 904.25 904.2 904.15 904.1 904.05 904 903.95 903.9 903.85 903.8 903.75 903.7 903.65 903.6 903.55 903.5 903.45 903.4 903.35 903.3 903.25 903.2 903.15 903.1 903.05 903 902.95 902.9 902.85 902.8 902.75 902.7 902.65 902.6 902.55 902.5 902.45 902.4 902.35 902.3 902.25 902.2 902.15 902.1 902.05 902 901.95 901.9 901.85 901.8 901.75 901.7 901.65 901.6 901.55 901.5 901.45 901.4 901.35 901.3 901.25 901.2 901.15 901.1 901.05 901 900.95
904.35 904.3 904.25 904.2 904.15 904.1 904.05 904 903.95 903.9 903.85 903.8 903.75 903.7 903.65 903.6 903.55 903.5 903.45 903.4 903.35 903.3 903.25 903.2 903.15 903.1 903.05 903 902.95 902.9 902.85 902.8 902.75 902.7 902.65 902.6 902.55 902.5 902.45 902.4 902.35 902.3 902.25 902.2 902.15 902.1 902.05 902 901.95 901.9 901.85 901.8 901.75 901.7 901.65 901.6 901.55 901.5 901.45 901.4 901.35 901.3 901.25 901.2 901.15 901.1 901.05 901 900.95 900.9 900.85 900.8 900.75 900.7
904.1 904.05 904 903.95 903.9 903.85 903.8 903.75 903.7 903.65 903.6 903.55 903.5 903.45 903.4 903.35 903.3 903.25 903.2 903.15 903.1 903.05 903 902.95 902.9 902.85 902.8 902.75 902.7 902.65 902.6 902.55 902.5 902.45 902.4 902.35 902.3 902.25 902.2 902.15 902.1 902.05 902 901.95 901.9 901.85 901.8 901.75 901.7 901.65 901.6 901.55 901.5 901.45 901.4 901.35 901.3 901.25 901.2 901.15 901.1 901.05 901 900.95 900.9 900.85 900.8 900.75 900.7 900.65 900.6 900.55 900.5 900.45
903.85 903.8 903.75 903.7 903.65 903.6 903.55 903.5 903.45 903.4 903.35 903.3 903.25 903.2 903.15 903.1 903.05 903 902.95 902.9 902.85 902.8 902.75 902.7 902.65 902.6 902.55 902.5 902.45 902.4 902.35 902.3 902.25 902.2 902.15 902.1 902.05 902 901.95 901.9 901.85 901.8 901.75 901.7 901.65 901.6 901.55 901.5 901.45 901.4 901.35 901.3 901.25 901.2 901.15 901.1 901.05 901 900.95 900.9 900.85 900.8 900.75 900.7 900.65 900.6 900.55 900.5 900.45 900.4 900.35 900.3 900.25 900.2
903.6 903.55 903.5 903.45 903.4 903.35 903.3 903.25 903.2 903.15 903.1 903.05 903 902.95 902.9 902.85 902.8 902.75 902.7 902.65 902.6 902.55 902.5 902.45 902.4 902.35 902.3 902.25 902.2 902.15 902.1 902.05 902 901.95 901.9 901.85 901.8 901.75 901.7 901.65 901.6 901.55 901.5 901.45 901.4 901.35 901.3 901.25 901.2 901.15 901.1 901.05 901 900.95 900.9 900.85 900.8 900.75 900.7 900.65 900.6 900.55 900.5 900.45 900.4 900.35 900.3 900.25 900.2 900.15 900.1 900.05 900 899.95
903.35 903.3 903.25 903.2 903.15 903.1 903.05 903 902.95 902.9 902.85 902.8 902.75 902.7 902.65 902.6 902.55 902.5 902.45 902.4 902.35 902.3 902.25 902.2 902.15 902.1 902.05 902 901.95 901.9 901.85 901.8 901.75 901.7 901.65 901.6 901.55 901.5 901.45 901.4 901.35 901.3 901.25 901.2 901.15 901.1 901.05 901 900.95 900.9 900.85 900.8 900.75 900.7 900.65 900.6 900.55 900.5 900.45 900.4 900.35 900.3 900.25 900.2 900.15 900.1 900.05 900 899.95 899.9 899.85 899.8 899.75 899.7
903.1 903.05 903 902.95 902.9 902.85 902.8 902.75 902.7 902.65 902.6 902.55 902.5 902.45 902.4 902.35 902.3 902.25 902.2 902.15 902.1 902.05 902 901.95 901.9 901.85 901.8 901.75 901.7 901.65 901.6 901.55 901.5 901.45 901.4 901.35 901.3 901.25 901.2 901.15 901.1 901.05 901 900.95 900.9 900.85 900.8 900.75 900.7 900.65 900.6 900.55 900.5 900.45 900.4 900.35 900.3 900.25 900.2 900.15 900.1 900.05 900 899.95 899.9 899.85 899.8 899.75 899.7 899.65 899.6 899.55 899.5 899.45
902.85 902.8 902.75 902.7 902.65 902.6 902.55 902.5 902.45 902.4 902.35 902.3 902.25 902.2 902.15 902.1 902.05 902 901.95 901.9 901.85 901.8 901.75 901.7 901.65 901.6 901.55 901.5 901.45 901.4 901.35 901.3 901.25 901.2 901.15 901.1 901.05 901 900.95 900.9 900.85 900.8 900.75 900.7 900.65 900.6 900.55 900.5 900.45 900.4 900.35 900.3 900.25 900.2 900.15 900.1 900.05 900 899.95 899.9 899.85 899.8 899.75 899.7 899.65 899.6 899.55 899.5 899.45 899.4 899.35 899.3 899.25 899.2
902.6 902.55 902.5 902.45 902.4 902.35 902.3 902.25 902.2 902.15 902.1 902.05 902 901.95 901.9 901.85 901.8 901.75 901.7 901.65 901.6 901.55 901.5 901.45 901.4 901.35 901.3 901.25 901.2 901.15 901.1 901.05 901 900.95 900.9 900.85 900.8 900.75 900.7 900.65 900.6 900.55 900.5 900.45 900.4 900.35 900.3 900.25 900.2 900.15 900.1 900.05 900 899.95 899.9 899.85 899.8 899.75 899.7 899.65 899.6 899.55 899.5 899.45 899.4 899.35 899.3 899.25 899.2 899.15 899.1 899.05 899 898.95
