2_modelagem-hidrodinamica/1_MDTs/i01Z05.tif
NCOLS 2400
NROWS 240
XLLCORNER 611086
YLLCORNER 7796520
CELLSIZE 5
NODATA_VALUE -9999
[rows 99 to 131 of 240, columns 1036 to 1109 of 2400]
953.3 953.25 953.2 953.15 953.1 953.05 953 952.95 952.9 952.85 952.8 952.75 952.7 952.65 952.6 952.55 952.5 952.45 952.4 952.35 952.3 952.25 952.2 952.15 952.1 952.05 952 951.95 951.9 951.85 951.8 951.75 951.7 951.65 951.6 951.55 951.5 951.45 951.4 951.35 951.3 951.25 951.2 951.15 951.1 951.05 951 950.95 950.9 950.85 950.8 950.75 950.7 950.65 950.6 950.55 950.5 950.45 950.4 950.35 950.3 950.25 950.2 950.15 950.1 950.05 950 949.95 949.9 949.85 949.8 949.75 949.7 949.65
953.05 953 952.95 952.9 952.85 952.8 952.75 952.7 952.65 952.6 952.55 952.5 952.45 952.4 952.35 952.3 952.25 952.2 952.15 952.1 952.05 952 951.95 951.9 951.85 951.8 951.75 951.7 951.65 951.6 951.55 951.5 951.45 951.4 951.35 951.3 951.25 951.2 951.15 951.1 951.05 951 950.95 950.9 950.85 950.8 950.75 950.7 950.65 950.6 950.55 950.5 950.45 950.4 950.35 950.3 950.25 950.2 950.15 950.1 950.05 950 949.95 949.9 949.85 949.8 949.75 949.7 949.65 949.6 949.55 949.5 949.45 949.4
952.8 952.75 952.7 952.65 952.6 952.55 952.5 952.45 952.4 952.35 952.3 952.25 952.2 952.15 952.1 952.05 952 951.95 951.9 951.85 951.8 951.75 951.7 951.65 951.6 951.55 951.5 951.45 951.4 951.35 951.3 951.25 951.2 951.15 951.1 951.05 951 950.95 950.9 950.85 950.8 950.75 950.7 950.65 950.6 950.55 950.5 950.45 950.4 950.35 950.3 950.25 950.2 950.15 950.1 950.05 950 949.95 949.9 949.85 949.8 949.75 949.7 949.65 949.6 949.55 949.5 949.45 949.4 949.35 949.3 949.25 949.2 949.15
952.55 952.5 952.45 952.4 952.35 952.3 952.25 952.2 952.15 952.1 952.05 952 951.95 951.9 951.85 951.8 951.75 951.7 951.65 951.6 951.55 951.5 951.45 951.4 951.35 951.3 951.25 951.2 951.15 951.1 951.05 951 950.95 950.9 950.85 950.8 950.75 950.7 950.65 950.6 950.55 950.5 950.45 950.4 950.35 950.3 950.25 950.2 950.15 950.1 950.05 950 949.95 949.9 949.85 949.8 949.75 949.7 949.65 949.6 949.55 949.5 949.45 949.4 949.35 949.3 949.25 949.2 949.15 949.1 949.05 949 948.95 948.9
952.3 952.25 952.2 952.15 952.1 952.05 952 951.95 951.9 951.85 951.8 951.75 951.7 951.65 951.6 951.55 951.5 951.45 951.4 951.35 951.3 951.25 951.2 951.15 951.1 951.05 951 950.95 950.9 950.85 950.8 950.75 950.7 950.65 950.6 950.55 950.5 950.45 950.4 950.35 950.3 950.25 950.2 950.15 950.1 950.05 950 949.95 949.9 949.85 949.8 949.75 949.7 949.65 949.6 949.55 949.5 949.45 949.4 949.35 949.3 949.25 949.2 949.15 949.1 949.05 949 948.95 948.9 948.85 948.8 948.75 948.7 948.65
952.05 952 951.95 951.9 951.85 951.8 951.75 951.7 951.65 951.6 951.55 951.5 951.45 951.4 951.35 951.3 951.25 951.2 951.15 951.1 951.05 951 950.95 950.9 950.85 950.8 950.75 950.7 950.65 950.6 950.55 950.5 950.45 950.4 950.35 950.3 950.25 950.2 950.15 950.1 950.05 950 949.95 949.9 949.85 949.8 949.75 949.7 949.65 949.6 949.55 949.5 949.45 949.4 949.35 949.3 949.25 949.2 949.15 949.1 949.05 949 948.95 948.9 948.85 948.8 948.75 948.7 948.65 948.6 948.55 948.5 948.45 948.4
951.8 951.75 951.7 951.65 951.6 951.55 951.5 951.45 951.4 951.35 951.3 951.25 951.2 951.15 951.1 951.05 951 950.95 950.9 950.85 950.8 950.75 950.7 950.65 950.6 950.55 950.5 950.45 950.4 950.35 950.3 950.25 950.2 950.15 950.1 950.05 950 949.95 949.9 949.85 949.8 949.75 949.7 949.65 949.6 949.55 949.5 949.45 949.4 949.35 949.3 949.25 949.2 949.15 949.1 949.05 949 948.95 948.9 948.85 948.8 948.75 948.7 948.65 948.6 948.55 948.5 948.45 948.4 948.35 948.3 948.25 948.2 948.15
951.55 951.5 951.45 951.4 951.35 951.3 951.25 951.2 951.15 951.1 951.05 951 950.95 950.9 950.85 950.8 950.75 950.7 950.65 950.6 950.55 950.5 950.45 950.4 950.35 950.3 950.25 950.2 950.15 950.1 950.05 950 949.95 949.9 949.85 949.8 949.75 949.7 949.65 949.6 949.55 949.5 949.45 949.4 949.35 949.3 949.25 949.2 949.15 949.1 949.05 949 948.95 948.9 948.85 948.8 948.75 948.7 948.65 948.6 948.55 948.5 948.45 948.4 948.35 948.3 948.25 948.2 948.15 948.1 948.05 948 947.95 947.9
951.3 951.25 951.2 951.15 951.1 951.05 951 950.95 950.9 950.85 950.8 950.75 950.7 950.65 950.6 950.55 950.5 950.45 950.4 950.35 950.3 950.25 950.2 950.15 950.1 950.05 950 949.95 949.9 949.85 949.8 949.75 949.7 949.65 949.6 949.55 949.5 949.45 949.4 949.35 949.3 949.25 949.2 949.15 949.1 949.05 949 948.95 948.9 948.85 948.8 948.75 948.7 948.65 948.6 948.55 948.5 948.45 948.4 948.35 948.3 948.25 948.2 948.15 948.1 948.05 948 947.95 947.9 947.85 947.8 947.75 947.7 947.65
951.05 951 950.95 950.9 950.85 950.8 950.75 950.7 950.65 950.6 950.55 950.5 950.45 950.4 950.35 950.3 950.25 950.2 950.15 950.1 950.05 950 949.95 949.9 949.85 949.8 949.75 949.7 949.65 949.6 949.55 949.5 949.45 949.4 949.35 949.3 949.25 949.2 949.15 949.1 949.05 949 948.95 948.9 948.85 948.8 948.75 948.7 948.65 948.6 948.55 948.5 948.45 948.4 948.35 948.3 948.25 948.2 948.15 948.1 948.05 948 947.95 947.9 947.85 947.8 947.75 947.7 947.65 947.6 947.55 947.5 947.45 947.4
950.8 950.75 950.7 950.65 950.6 950.55 950.5 950.45 950.4 950.35 950.3 950.25 950.2 950.15 950.1 950.05 950 949.95 949.9 949.85 949.8 949.75 949.7 949.65 949.6 949.55 949.5 949.45 949.4 949.35 949.3 949.25 949.2 949.15 949.1 949.05 949 948.95 948.9 948.85 948.8 948.75 948.7 948.65 948.6 948.55 948.5 948.45 948.4 948.35 948.3 948.25 948.2 948.15 948.1 948.05 948 947.95 947.9 947.85 947.8 947.75 947.7 947.65 947.6 947.55 947.5 947.45 947.4 947.35 947.3 947.25 947.2 947.15
950.55 950.5 950.45 950.4 950.35 950.3 950.25 950.2 950.15 950.1 950.05 950 949.95 949.9 949.85 949.8 949.75 949.7 949.65 949.6 949.55 949.5 949.45 949.4 949.35 949.3 949.25 949.2 949.15 949.1 949.05 949 948.95 948.9 948.85 948.8 948.75 948.7 948.65 948.6 948.55 948.5 948.45 948.4 948.35 948.3 948.25 948.2 948.15 948.1 948.05 948 947.95 947.9 947.85 947.8 947.75 947.7 947.65 947.6 947.55 947.5 947.45 947.4 947.35 947.3 947.25 947.2 947.15 947.1 947.05 947 946.95 946.9
950.3 950.25 950.2 950.15 950.1 950.05 950 949.95 949.9 949.85 949.8 949.75 949.7 949.65 949.6 949.55 949.5 949.45 949.4 949.35 949.3 949.25 949.2 949.15 949.1 949.05 949 948.95 948.9 948.85 948.8 948.75 948.7 948.65 948.6 948.55 948.5 948.45 948.4 948.35 948.3 948.25 948.2 948.15 948.1 948.05 948 947.95 947.9 947.85 947.8 947.75 947.7 947.65 947.6 947.55 947.5 947.45 947.4 947.35 947.3 947.25 947.2 947.15 947.1 947.05 947 946.95 946.9 946.85 946.8 946.75 946.7 946.65
950.05 950 949.95 949.9 949.85 949.8 949.75 949.7 949.65 949.6 949.55 949.5 949.45 949.4 949.35 949.3 949.25 949.2 949.15 949.1 949.05 949 948.95 948.9 948.85 948.8 948.75 948.7 948.65 948.6 948.55 948.5 948.45 948.4 948.35 948.3 948.25 948.2 948.15 948.1 948.05 948 947.95 947.9 947.85 947.8 947.75 947.7 947.65 947.6 947.55 947.5 947.45 947.4 947.35 947.3 947.25 947.2 947.15 947.1 947.05 947 946.95 946.9 946.85 946.8 946.75 946.7 946.65 946.6 946.55 946.5 946.45 946.4
949.8 949.75 949.7 949.65 949.6 949.55 949.5 949.45 949.4 949.35 949.3 949.25 949.2 949.15 949.1 949.05 949 948.95 948.9 948.85 948.8 948.75 948.7 948.65 948.6 948.55 948.5 948.45 948.4 948.35 948.3 948.25 948.2 948.15 948.1 948.05 948 947.95 947.9 947.85 947.8 947.75 947.7 947.65 947.6 947.55 947.5 947.45 947.4 947.35 947.3 947.25 947.2 947.15 947.1 947.05 947 946.95 946.9 946.85 946.8 946.75 946.7 946.65 946.6 946.55 946.5 946.45 946.4 946.35 946.3 946.25 946.2 946.15
949.55 949.5 949.45 949.4 949.35 949.3 949.25 949.2 949.15 949.1 949.05 949 948.95 948.9 948.85 948.8 948.75 948.7 948.65 948.6 948.55 948.5 948.45 948.4 948.35 948.3 948.25 948.2 948.15 948.1 948.05 948 947.95 947.9 947.85 947.8 947.75 947.7 947.65 947.6 947.55 947.5 947.45 947.4 947.35 947.3 947.25 947.2 947.15 947.1 947.05 947 946.95 946.9 946.85 946.8 946.75 946.7 946.65 946.6 946.55 946.5 946.45 946.4 946.35 946.3 946.25 946.2 946.15 946.1 946.05 946 945.95 945.9
949.3 949.25 949.2 949.15 949.1 949.05 949 948.95 948.9 948.85 948.8 948.75 948.7 948.65 948.6 948.55 948.5 948.45 948.4 948.35 948.3 948.25 948.2 948.15 948.1 948.05 948 947.95 947.9 947.85 947.8 947.75 947.7 947.65 947.6 947.55 947.5 947.45 947.4 947.35 947.3 947.25 947.2 947.15 947.1 947.05 947 946.95 946.9 946.85 946.8 946.75 946.7 946.65 946.6 946.55 946.5 946.45 946.4 946.35 946.3 946.25 946.2 946.15 946.1 946.05 946 945.95 945.9 945.85 945.8 945.75 945.7 945.65
949.05 949 948.95 948.9 948.85 948.8 948.75 948.7 948.65 948.6 948.55 948.5 948.45 948.4 948.35 948.3 948.25 948.2 948.15 948.1 948.05 948 947.95 947.9 947.85 947.8 947.75 947.7 947.65 947.6 947.55 947.5 947.45 947.4 947.35 947.3 947.25 947.2 947.15 947.1 947.05 947 946.95 946.9 946.85 946.8 946.75 946.7 946.65 946.6 946.55 946.5 946.45 946.4 946.35 946.3 946.25 946.2 946.15 946.1 946.05 946 945.95 945.9 945.85 945.8 945.75 945.7 945.65 945.6 945.55 945.5 945.45 945.4
948.8 948.75 948.7 948.65 948.6 948.55 948.5 948.45 948.4 948.35 948.3 948.25 948.2 948.15 948.1 948.05 948 947.95 947.9 947.85 947.8 947.75 947.7 947.65 947.6 947.55 947.5 947.45 947.4 947.35 947.3 947.25 947.2 947.15 947.1 947.05 947 946.95 946.9 946.85 946.8 946.75 946.7 946.65 946.6 946.55 946.5 946.45 946.4 946.35 946.3 946.25 946.2 946.15 946.1 946.05 946 945.95 945.9 945.85 945.8 945.75 945.7 945.65 945.6 945.55 945.5 945.45 945.4 945.35 945.3 945.25 945.2 945.15
948.55 948.5 948.45 948.4 948.35 948.3 948.25 948.2 948.15 948.1 948.05 948 947.95 947.9 947.85 947.8 947.75 947.7 947.65 947.6 947.55 947.5 947.45 947.4 947.35 947.3 947.25 947.2 947.15 947.1 947.05 947 946.95 946.9 946.85 946.8 946.75 946.7 946.65 946.6 946.55 946.5 946.45 946.4 946.35 946.3 946.25 946.2 946.15 946.1 946.05 946 945.95 945.9 945.85 945.8 945.75 945.7 945.65 945.6 945.55 945.5 945.45 945.4 945.35 945.3 945.25 945.2 945.15 945.1 945.05 945 944.95 944.9
948.3 948.25 948.2 948.15 948.1 948.05 948 947.95 947.9 947.85 947.8 947.75 947.7 947.65 947.6 947.55 947.5 947.45 947.4 947.35 947.3 947.25 947.2 947.15 947.1 947.05 947 946.95 946.9 946.85 946.8 946.75 946.7 946.65 946.6 946.55 946.5 946.45 946.4 946.35 946.3 946.25 946.2 946.15 946.1 946.05 946 945.95 945.9 945.85 945.8 945.75 945.7 945.65 945.6 945.55 945.5 945.45 945.4 945.35 945.3 945.25 945.2 945.15 945.1 945.05 945 944.95 944.9 944.85 944.8 944.75 944.7 944.65
948.3 948.25 948.2 948.15 948.1 948.05 948 947.95 947.9 947.85 947.8 947.75 947.7 947.65 947.6 947.55 947.5 947.45 947.4 947.35 947.3 947.25 947.2 947.15 947.1 947.05 947 946.95 946.9 946.85 946.8 946.75 946.7 946.65 946.6 946.55 946.5 946.45 946.4 946.35 946.3 946.25 946.2 946.15 946.1 946.05 946 945.95 945.9 945.85 945.8 945.75 945.7 945.65 945.6 945.55 945.5 945.45 945.4 945.35 945.3 945.25 945.2 945.15 945.1 945.05 945 944.95 944.9 944.85 944.8 944.75 944.7 944.65
948.55 948.5 948.45 948.4 948.35 948.3 948.25 948.2 948.15 948.1 948.05 948 947.95 947.9 947.85 947.8 947.75 947.7 947.65 947.6 947.55 947.5 947.45 947.4 947.35 947.3 947.25 947.2 947.15 947.1 947.05 947 946.95 946.9 946.85 946.8 946.75 946.7 946.65 946.6 946.55 946.5 946.45 946.4 946.35 946.3 946.25 946.2 946.15 946.1 946.05 946 945.95 945.9 945.85 945.8 945.75 945.7 945.65 945.6 945.55 945.5 945.45 945.4 945.35 945.3 945.25 945.2 945.15 945.1 945.05 945 944.95 944.9
948.8 948.75 948.7 948.65 948.6 948.55 948.5 948.45 948.4 948.35 948.3 948.25 948.2 948.15 948.1 948.05 948 947.95 947.9 947.85 947.8 947.75 947.7 947.65 947.6 947.55 947.5 947.45 947.4 947.35 947.3 947.25 947.2 947.15 947.1 947.05 947 946.95 946.9 946.85 946.8 946.75 946.7 946.65 946.6 946.55 946.5 946.45 946.4 946.35 946.3 946.25 946.2 946.15 946.1 946.05 946 945.95 945.9 945.85 945.8 945.75 945.7 945.65 945.6 945.55 945.5 945.45 945.4 945.35 945.3 945.25 945.2 945.15
949.05 949 948.95 948.9 948.85 948.8 948.75 948.7 948.65 948.6 948.55 948.5 948.45 948.4 948.35 948.3 948.25 948.2 948.15 948.1 948.05 948 947.95 947.9 947.85 947.8 947.75 947.7 947.65 947.6 947.55 947.5 947.45 947.4 947.35 947.3 947.25 947.2 947.15 947.1 947.05 947 946.95 946.9 946.85 946.8 946.75 946.7 946.65 946.6 946.55 946.5 946.45 946.4 946.35 946.3 946.25 946.2 946.15 946.1 946.05 946 945.95 945.9 945.85 945.8 945.75 945.7 945.65 945.6 945.55 945.5 945.45 945.4
949.3 949.25 949.2 949.15 949.1 949.05 949 948.95 948.9 948.85 948.8 948.75 948.7 948.65 948.6 948.55 948.5 948.45 948.4 948.35 948.3 948.25 948.2 948.15 948.1 948.05 948 947.95 947.9 947.85 947.8 947.75 947.7 947.65 947.6 947.55 947.5 947.45 947.4 947.35 947.3 947.25 947.2 947.15 947.1 947.05 947 946.95 946.9 946.85 946.8 946.75 946.7 946.65 946.6 946.55 946.5 946.45 946.4 946.35 946.3 946.25 946.2 946.15 946.1 946.05 946 945.95 945.9 945.85 945.8 945.75 945.7 945.65
949.55 949.5 949.45 949.4 949.35 949.3 949.25 949.2 949.15 949.1 949.05 949 948.95 948.9 948.85 948.8 948.75 948.7 948.65 948.6 948.55 948.5 948.45 948.4 948.35 948.3 948.25 948.2 948.15 948.1 948.05 948 947.95 947.9 947.85 947.8 947.75 947.7 947.65 947.6 947.55 947.5 947.45 947.4 947.35 947.3 947.25 947.2 947.15 947.1 947.05 947 946.95 946.9 946.85 946.8 946.75 946.7 946.65 946.6 946.55 946.5 946.45 946.4 946.35 946.3 946.25 946.2 946.15 946.1 946.05 946 945.95 945.9
949.8 949.75 949.7 949.65 949.6 949.55 949.5 949.45 949.4 949.35 949.3 949.25 949.2 949.15 949.1 949.05 949 948.95 948.9 948.85 948.8 948.75 948.7 948.65 948.6 948.55 948.5 948.45 948.4 948.35 948.3 948.25 948.2 948.15 948.1 948.05 948 947.95 947.9 947.85 947.8 947.75 947.7 947.65 947.6 947.55 947.5 947.45 947.4 947.35 947.3 947.25 947.2 947.15 947.1 947.05 947 946.95 946.9 946.85 946.8 946.75 946.7 946.65 946.6 946.55 946.5 946.45 946.4 946.35 946.3 946.25 946.2 946.15
950.05 950 949.95 949.9 949.85 949.8 949.75 949.7 949.65 949.6 949.55 949.5 949.45 949.4 949.35 949.3 949.25 949.2 949.15 949.1 949.05 949 948.95 948.9 948.85 948.8 948.75 948.7 948.65 948.6 948.55 948.5 948.45 948.4 948.35 948.3 948.25 948.2 948.15 948.1 948.05 948 947.95 947.9 947.85 947.8 947.75 947.7 947.65 947.6 947.55 947.5 947.45 947.4 947.35 947.3 947.25 947.2 947.15 947.1 947.05 947 946.95 946.9 946.85 946.8 946.75 946.7 946.65 946.6 946.55 946.5 946.45 946.4
950.3 950.25 950.2 950.15 950.1 950.05 950 949.95 949.9 949.85 949.8 949.75 949.7 949.65 949.6 949.55 949.5 949.45 949.4 949.35 949.3 949.25 949.2 949.15 949.1 949.05 949 948.95 948.9 948.85 948.8 948.75 948.7 948.65 948.6 948.55 948.5 948.45 948.4 948.35 948.3 948.25 948.2 948.15 948.1 948.05 948 947.95 947.9 947.85 947.8 947.75 947.7 947.65 947.6 947.55 947.5 947.45 947.4 947.35 947.3 947.25 947.2 947.15 947.1 947.05 947 946.95 946.9 946.85 946.8 946.75 946.7 946.65
950.55 950.5 950.45 950.4 950.35 950.3 950.25 950.2 950.15 950.1 950.05 950 949.95 949.9 949.85 949.8 949.75 949.7 949.65 949.6 949.55 949.5 949.45 949.4 949.35 949.3 949.25 949.2 949.15 949.1 949.05 949 948.95 948.9 948.85 948.8 948.75 948.7 948.65 948.6 948.55 948.5 948.45 948.4 948.35 948.3 948.25 948.2 948.15 948.1 948.05 948 947.95 947.9 947.85 947.8 947.75 947.7 947.65 947.6 947.55 947.5 947.45 947.4 947.35 947.3 947.25 947.2 947.15 947.1 947.05 947 946.95 946.9
950.8 950.75 950.7 950.65 950.6 950.55 950.5 950.45 950.4 950.35 950.3 950.25 950.2 950.15 950.1 950.05 950 949.95 949.9 949.85 949.8 949.75 949.7 949.65 949.6 949.55 949.5 949.45 949.4 949.35 949.3 949.25 949.2 949.15 949.1 949.05 949 948.95 948.9 948.85 948.8 948.75 948.7 948.65 948.6 948.55 948.5 948.45 948.4 948.35 948.3 948.25 948.2 948.15 948.1 948.05 948 947.95 947.9 947.85 947.8 947.75 947.7 947.65 947.6 947.55 947.5 947.45 947.4 947.35 947.3 947.25 947.2 947.15
951.05 951 950.95 950.9 950.85 950.8 950.75 950.7 950.65 950.6 950.55 950.5 950.45 950.4 950.35 950.3 950.25 950.2 950.15 950.1 950.05 950 949.95 949.9 949.85 949.8 949.75 949.7 949.65 949.6 949.55 949.5 949.45 949.4 949.35 949.3 949.25 949.2 949.15 949.1 949.05 949 948.95 948.9 948.85 948.8 948.75 948.7 948.65 948.6 948.55 948.5 948.45 948.4 948.35 948.3 948.25 948.2 948.15 948.1 948.05 948 947.95 947.9 947.85 947.8 947.75 947.7 947.65 947.6 947.55 947.5 947.45 947.4
