2_modelagem-hidrodinamica/1_MDTs/i01Z05.tif
NCOLS 2400
NROWS 240
XLLCORNER 611086
YLLCORNER 7796520
CELLSIZE 5
NODATA_VALUE -9999
[rows 0 to 32 of 240, columns 0 to 73 of 2400]
1029.85 1029.8 1029.75 1029.7 1029.65 1029.6 1029.55 1029.5 1029.45 1029.4 1029.35 1029.3 1029.25 1029.2 1029.15 1029.1 1029.05 1029 1028.95 1028.9 1028.85 1028.8 1028.75 1028.7 1028.65 1028.6 1028.55 1028.5 1028.45 1028.4 1028.35 1028.3 1028.25 1028.2 1028.15 1028.1 1028.05 1028 1027.95 1027.9 1027.85 1027.8 1027.75 1027.7 1027.65 1027.6 1027.55 1027.5 1027.45 1027.4 1027.35 1027.3 1027.25 1027.2 1027.15 1027.1 1027.05 1027 1026.95 1026.9 1026.85 1026.8 1026.75 1026.7 1026.65 1026.6 1026.55 1026.5 1026.45 1026.4 1026.35 1026.3 1026.25 1026.2
1029.6 1029.55 1029.5 1029.45 1029.4 1029.35 1029.3 1029.25 1029.2 1029.15 1029.1 1029.05 1029 1028.95 1028.9 1028.85 1028.8 1028.75 1028.7 1028.65 1028.6 1028.55 1028.5 1028.45 1028.4 1028.35 1028.3 1028.25 1028.2 1028.15 1028.1 1028.05 1028 1027.95 1027.9 1027.85 1027.8 1027.75 1027.7 1027.65 1027.6 1027.55 1027.5 1027.45 1027.4 1027.35 1027.3 1027.25 1027.2 1027.15 1027.1 1027.05 1027 1026.95 1026.9 1026.85 1026.8 1026.75 1026.7 1026.65 1026.6 1026.55 1026.5 1026.45 1026.4 1026.35 1026.3 1026.25 1026.2 1026.15 1026.1 1026.05 1026 1025.95
1029.35 1029.3 1029.25 1029.2 1029.15 1029.1 1029.05 1029 1028.95 1028.9 1028.85 1028.8 1028.75 1028.7 1028.65 1028.6 1028.55 1028.5 1028.45 1028.4 1028.35 1028.3 1028.25 1028.2 1028.15 1028.1 1028.05 1028 1027.95 1027.9 1027.85 1027.8 1027.75 1027.7 1027.65 1027.6 1027.55 1027.5 1027.45 1027.4 1027.35 1027.3 1027.25 1027.2 1027.15 1027.1 1027.05 1027 1026.95 1026.9 1026.85 1026.8 1026.75 1026.7 1026.65 1026.6 1026.55 1026.5 1026.45 1026.4 1026.35 1026.3 1026.25 1026.2 1026.15 1026.1 1026.05 1026 1025.95 1025.9 1025.85 1025.8 1025.75 1025.7
1029.1 1029.05 1029 1028.95 1028.9 1028.85 1028.8 1028.75 1028.7 1028.65 1028.6 1028.55 1028.5 1028.45 1028.4 1028.35 1028.3 1028.25 1028.2 1028.15 1028.1 1028.05 1028 1027.95 1027.9 1027.85 1027.8 1027.75 1027.7 1027.65 1027.6 1027.55 1027.5 1027.45 1027.4 1027.35 1027.3 1027.25 1027.2 1027.15 1027.1 1027.05 1027 1026.95 1026.9 1026.85 1026.8 1026.75 1026.7 1026.65 1026.6 1026.55 1026.5 1026.45 1026.4 1026.35 1026.3 1026.25 1026.2 1026.15 1026.1 1026.05 1026 1025.95 1025.9 1025.85 1025.8 1025.75 1025.7 1025.65 1025.6 1025.55 1025.5 1025.45
1028.85 1028.8 1028.75 1028.7 1028.65 1028.6 1028.55 1028.5 1028.45 1028.4 1028.35 1028.3 1028.25 1028.2 1028.15 1028.1 1028.05 1028 1027.95 1027.9 1027.85 1027.8 1027.75 1027.7 1027.65 1027.6 1027.55 1027.5 1027.45 1027.4 1027.35 1027.3 1027.25 1027.2 1027.15 1027.1 1027.05 1027 1026.95 1026.9 1026.85 1026.8 1026.75 1026.7 1026.65 1026.6 1026.55 1026.5 1026.45 1026.4 1026.35 1026.3 1026.25 1026.2 1026.15 1026.1 1026.05 1026 1025.95 1025.9 1025.85 1025.8 1025.75 1025.7 1025.65 1025.6 1025.55 1025.5 1025.45 1025.4 1025.35 1025.3 1025.25 1025.2
1028.6 1028.55 1028.5 1028.45 1028.4 1028.35 1028.3 1028.25 1028.2 1028.15 1028.1 1028.05 1028 1027.95 1027.9 1027.85 1027.8 1027.75 1027.7 1027.65 1027.6 1027.55 1027.5 1027.45 1027.4 1027.35 1027.3 1027.25 1027.2 1027.15 1027.1 1027.05 1027 1026.95 1026.9 1026.85 1026.8 1026.75 1026.7 1026.65 1026.6 1026.55 1026.5 1026.45 1026.4 1026.35 1026.3 1026.25 1026.2 1026.15 1026.1 1026.05 1026 1025.95 1025.9 1025.85 1025.8 1025.75 1025.7 1025.65 1025.6 1025.55 1025.5 1025.45 1025.4 1025.35 1025.3 1025.25 1025.2 1025.15 1025.1 1025.05 1025 1024.95
1028.35 1028.3 1028.25 1028.2 1028.15 1028.1 1028.05 1028 1027.95 1027.9 1027.85 1027.8 1027.75 1027.7 1027.65 1027.6 1027.55 1027.5 1027.45 1027.4 1027.35 1027.3 1027.25 1027.2 1027.15 1027.1 1027.05 1027 1026.95 1026.9 1026.85 1026.8 1026.75 1026.7 1026.65 1026.6 1026.55 1026.5 1026.45 1026.4 1026.35 1026.3 1026.25 1026.2 1026.15 1026.1 1026.05 1026 1025.95 1025.9 1025.85 1025.8 1025.75 1025.7 1025.65 1025.6 1025.55 1025.5 1025.45 1025.4 1025.35 1025.3 1025.25 1025.2 1025.15 1025.1 1025.05 1025 1024.95 1024.9 1024.85 1024.8 1024.75 1024.7
1028.1 1028.05 1028 1027.95 1027.9 1027.85 1027.8 1027.75 1027.7 1027.65 1027.6 1027.55 1027.5 1027.45 1027.4 1027.35 1027.3 1027.25 1027.2 1027.15 1027.1 1027.05 1027 1026.95 1026.9 1026.85 1026.8 1026.75 1026.7 1026.65 1026.6 1026.55 1026.5 1026.45 1026.4 1026.35 1026.3 1026.25 1026.2 1026.15 1026.1 1026.05 1026 1025.95 1025.9 1025.85 1025.8 1025.75 1025.7 1025.65 1025.6 1025.55 1025.5 1025.45 1025.4 1025.35 1025.3 1025.25 1025.2 1025.15 1025.1 1025.05 1025 1024.95 1024.9 1024.85 1024.8 1024.75 1024.7 1024.65 1024.6 1024.55 1024.5 1024.45
1027.85 1027.8 1027.75 1027.7 1027.65 1027.6 1027.55 1027.5 1027.45 1027.4 1027.35 1027.3 1027.25 1027.2 1027.15 1027.1 1027.05 1027 1026.95 1026.9 1026.85 1026.8 1026.75 1026.7 1026.65 1026.6 1026.55 1026.5 1026.45 1026.4 1026.35 1026.3 1026.25 1026.2 1026.15 1026.1 1026.05 1026 1025.95 1025.9 1025.85 1025.8 1025.75 1025.7 1025.65 1025.6 1025.55 1025.5 1025.45 1025.4 1025.35 1025.3 1025.25 1025.2 1025.15 1025.1 1025.05 1025 1024.95 1024.9 1024.85 1024.8 1024.75 1024.7 1024.65 1024.6 1024.55 1024.5 1024.45 1024.4 1024.35 1024.3 1024.25 1024.2
1027.6 1027.55 1027.5 1027.45 1027.4 1027.35 1027.3 1027.25 1027.2 1027.15 1027.1 1027.05 1027 1026.95 1026.9 1026.85 1026.8 1026.75 1026.7 1026.65 1026.6 1026.55 1026.5 1026.45 1026.4 1026.35 1026.3 1026.25 1026.2 1026.15 1026.1 1026.05 1026 1025.95 1025.9 1025.85 1025.8 1025.75 1025.7 1025.65 1025.6 1025.55 1025.5 1025.45 1025.4 1025.35 1025.3 1025.25 1025.2 1025.15 1025.1 1025.05 1025 1024.95 1024.9 1024.85 1024.8 1024.75 1024.7 1024.65 1024.6 1024.55 1024.5 1024.45 1024.4 1024.35 1024.3 1024.25 1024.2 1024.15 1024.1 1024.05 1024 1023.95
1027.35 1027.3 1027.25 1027.2 1027.15 1027.1 1027.05 1027 1026.95 1026.9 1026.85 1026.8 1026.75 1026.7 1026.65 1026.6 1026.55 1026.5 1026.45 1026.4 1026.35 1026.3 1026.25 1026.2 1026.15 1026.1 1026.05 1026 1025.95 1025.9 1025.85 1025.8 1025.75 1025.7 1025.65 1025.6 1025.55 1025.5 1025.45 1025.4 1025.35 1025.3 1025.25 1025.2 1025.15 1025.1 1025.05 1025 1024.95 1024.9 1024.85 1024.8 1024.75 1024.7 1024.65 1024.6 1024.55 1024.5 1024.45 1024.4 1024.35 1024.3 1024.25 1024.2 1024.15 1024.1 1024.05 1024 1023.95 1023.9 1023.85 1023.8 1023.75 1023.7
1027.1 1027.05 1027 1026.95 1026.9 1026.85 1026.8 1026.75 1026.7 1026.65 1026.6 1026.55 1026.5 1026.45 1026.4 1026.35 1026.3 1026.25 1026.2 1026.15 1026.1 1026.05 1026 1025.95 1025.9 1025.85 1025.8 1025.75 1025.7 1025.65 1025.6 1025.55 1025.5 1025.45 1025.4 1025.35 1025.3 1025.25 1025.2 1025.15 1025.1 1025.05 1025 1024.95 1024.9 1024.85 1024.8 1024.75 1024.7 1024.65 1024.6 1024.55 1024.5 1024.45 1024.4 1024.35 1024.3 1024.25 1024.2 1024.15 1024.1 1024.05 1024 1023.95 1023.9 1023.85 1023.8 1023.75 1023.7 1023.65 1023.6 1023.55 1023.5 1023.45
1026.85 1026.8 1026.75 1026.7 1026.65 1026.6 1026.55 1026.5 1026.45 1026.4 1026.35 1026.3 1026.25 1026.2 1026.15 1026.1 1026.05 1026 1025.95 1025.9 1025.85 1025.8 1025.75 1025.7 1025.65 1025.6 1025.55 1025.5 1025.45 1025.4 1025.35 1025.3 1025.25 1025.2 1025.15 1025.1 1025.05 1025 1024.95 1024.9 1024.85 1024.8 1024.75 1024.7 1024.65 1024.6 1024.55 1024.5 1024.45 1024.4 1024.35 1024.3 1024.25 1024.2 1024.15 1024.1 1024.05 1024 1023.95 1023.9 1023.85 1023.8 1023.75 1023.7 1023.65 1023.6 1023.55 1023.5 1023.45 1023.4 1023.35 1023.3 1023.25 1023.2
1026.6 1026.55 1026.5 1026.45 1026.4 1026.35 1026.3 1026.25 1026.2 1026.15 1026.1 1026.05 1026 1025.95 1025.9 1025.85 1025.8 1025.75 1025.7 1025.65 1025.6 1025.55 1025.5 1025.45 1025.4 1025.35 1025.3 1025.25 1025.2 1025.15 1025.1 1025.05 1025 1024.95 1024.9 1024.85 1024.8 1024.75 1024.7 1024.65 1024.6 1024.55 1024.5 1024.45 1024.4 1024.35 1024.3 1024.25 1024.2 1024.15 1024.1 1024.05 1024 1023.95 1023.9 1023.85 1023.8 1023.75 1023.7 1023.65 1023.6 1023.55 1023.5 1023.45 1023.4 1023.35 1023.3 1023.25 1023.2 1023.15 1023.1 1023.05 1023 1022.95
1026.35 1026.3 1026.25 1026.2 1026.15 1026.1 1026.05 1026 1025.95 1025.9 1025.85 1025.8 1025.75 1025.7 1025.65 1025.6 1025.55 1025.5 1025.45 1025.4 1025.35 1025.3 1025.25 1025.2 1025.15 1025.1 1025.05 1025 1024.95 1024.9 1024.85 1024.8 1024.75 1024.7 1024.65 1024.6 1024.55 1024.5 1024.45 1024.4 1024.35 1024.3 1024.25 1024.2 1024.15 1024.1 1024.05 1024 1023.95 1023.9 1023.85 1023.8 1023.75 1023.7 1023.65 1023.6 1023.55 1023.5 1023.45 1023.4 1023.35 1023.3 1023.25 1023.2 1023.15 1023.1 1023.05 1023 1022.95 1022.9 1022.85 1022.8 1022.75 1022.7
1026.1 1026.05 1026 1025.95 1025.9 1025.85 1025.8 1025.75 1025.7 1025.65 1025.6 1025.55 1025.5 1025.45 1025.4 1025.35 1025.3 1025.25 1025.2 1025.15 1025.1 1025.05 1025 1024.95 1024.9 1024.85 1024.8 1024.75 1024.7 1024.65 1024.6 1024.55 1024.5 1024.45 1024.4 1024.35 1024.3 1024.25 1024.2 1024.15 1024.1 1024.05 1024 1023.95 1023.9 1023.85 1023.8 1023.75 1023.7 1023.65 1023.6 1023.55 1023.5 1023.45 1023.4 1023.35 1023.3 1023.25 1023.2 1023.15 1023.1 1023.05 1023 1022.95 1022.9 1022.85 1022.8 1022.75 1022.7 1022.65 1022.6 1022.55 1022.5 1022.45
1025.85 1025.8 1025.75 1025.7 1025.65 1025.6 1025.55 1025.5 1025.45 1025.4 1025.35 1025.3 1025.25 1025.2 1025.15 1025.1 1025.05 1025 1024.95 1024.9 1024.85 1024.8 1024.75 1024.7 1024.65 1024.6 1024.55 1024.5 1024.45 1024.4 1024.35 1024.3 1024.25 1024.2 1024.15 1024.1 1024.05 1024 1023.95 1023.9 1023.85 1023.8 1023.75 1023.7 1023.65 1023.6 1023.55 1023.5 1023.45 1023.4 1023.35 1023.3 1023.25 1023.2 1023.15 1023.1 1023.05 1023 1022.95 1022.9 1022.85 1022.8 1022.75 1022.7 1022.65 1022.6 1022.55 1022.5 1022.45 1022.4 1022.35 1022.3 1022.25 1022.2
1025.6 1025.55 1025.5 1025.45 1025.4 1025.35 1025.3 1025.25 1025.2 1025.15 1025.1 1025.05 1025 1024.95 1024.9 1024.85 1024.8 1024.75 1024.7 1024.65 1024.6 1024.55 1024.5 1024.45 1024.4 1024.35 1024.3 1024.25 1024.2 1024.15 1024.1 1024.05 1024 1023.95 1023.9 1023.85 1023.8 1023.75 1023.7 1023.65 1023.6 1023.55 1023.5 1023.45 1023.4 1023.35 1023.3 1023.25 1023.2 1023.15 1023.1 1023.05 1023 1022.95 1022.9 1022.85 1022.8 1022.75 1022.7 1022.65 1022.6 1022.55 1022.5 1022.45 1022.4 1022.35 1022.3 1022.25 1022.2 1022.15 1022.1 1022.05 1022 1021.95
1025.35 1025.3 1025.25 1025.2 1025.15 1025.1 1025.05 1025 1024.95 1024.9 1024.85 1024.8 1024.75 1024.7 1024.65 1024.6 1024.55 1024.5 1024.45 1024.4 1024.35 1024.3 1024.25 1024.2 1024.15 1024.1 1024.05 1024 1023.95 1023.9 1023.85 1023.8 1023.75 1023.7 1023.65 1023.6 1023.55 1023.5 1023.45 1023.4 1023.35 1023.3 1023.25 1023.2 1023.15 1023.1 1023.05 1023 1022.95 1022.9 1022.85 1022.8 1022.75 1022.7 1022.65 1022.6 1022.55 1022.5 1022.45 1022.4 1022.35 1022.3 1022.25 1022.2 1022.15 1022.1 1022.05 1022 1021.95 1021.9 1021.85 1021.8 1021.75 1021.7
1025.1 1025.05 1025 1024.95 1024.9 1024.85 1024.8 1024.75 1024.7 1024.65 1024.6 1024.55 1024.5 1024.45 1024.4 1024.35 1024.3 1024.25 1024.2 1024.15 1024.1 1024.05 1024 1023.95 1023.9 1023.85 1023.8 1023.75 1023.7 1023.65 1023.6 1023.55 1023.5 1023.45 1023.4 1023.35 1023.3 1023.25 1023.2 1023.15 1023.1 1023.05 1023 1022.95 1022.9 1022.85 1022.8 1022.75 1022.7 1022.65 1022.6 1022.55 1022.5 1022.45 1022.4 1022.35 1022.3 1022.25 1022.2 1022.15 1022.1 1022.05 1022 1021.95 1021.9 1021.85 1021.8 1021.75 1021.7 1021.65 1021.6 1021.55 1021.5 1021.45
1024.85 1024.8 1024.75 1024.7 1024.65 1024.6 1024.55 1024.5 1024.45 1024.4 1024.35 1024.3 1024.25 1024.2 1024.15 1024.1 1024.05 1024 1023.95 1023.9 1023.85 1023.8 1023.75 1023.7 1023.65 1023.6 1023.55 1023.5 1023.45 1023.4 1023.35 1023.3 1023.25 1023.2 1023.15 1023.1 1023.05 1023 1022.95 1022.9 1022.85 1022.8 1022.75 1022.7 1022.65 1022.6 1022.55 1022.5 1022.45 1022.4 1022.35 1022.3 1022.25 1022.2 1022.15 1022.1 1022.05 1022 1021.95 1021.9 1021.85 1021.8 1021.75 1021.7 1021.65 1021.6 1021.55 1021.5 1021.45 1021.4 1021.35 1021.3 1021.25 1021.2
1024.6 1024.55 1024.5 1024.45 1024.4 1024.35 1024.3 1024.25 1024.2 1024.15 1024.1 1024.05 1024 1023.95 1023.9 1023.85 1023.8 1023.75 1023.7 1023.65 1023.6 1023.55 1023.5 1023.45 1023.4 1023.35 1023.3 1023.25 1023.2 1023.15 1023.1 1023.05 1023 1022.95 1022.9 1022.85 1022.8 1022.75 1022.7 1022.65 1022.6 1022.55 1022.5 1022.45 1022.4 1022.35 1022.3 1022.25 1022.2 1022.15 1022.1 1022.05 1022 1021.95 1021.9 1021.85 1021.8 1021.75 1021.7 1021.65 1021.6 1021.55 1021.5 1021.45 1021.4 1021.35 1021.3 1021.25 1021.2 1021.15 1021.1 1021.05 1021 1020.95
1024.35 1024.3 1024.25 1024.2 1024.15 1024.1 1024.05 1024 1023.95 1023.9 1023.85 1023.8 1023.75 1023.7 1023.65 1023.6 1023.55 1023.5 1023.45 1023.4 1023.35 1023.3 1023.25 1023.2 1023.15 1023.1 1023.05 1023 1022.95 1022.9 1022.85 1022.8 1022.75 1022.7 1022.65 1022.6 1022.55 1022.5 1022.45 1022.4 1022.35 1022.3 1022.25 1022.2 1022.15 1022.1 1022.05 1022 1021.95 1021.9 1021.85 1021.8 1021.75 1021.7 1021.65 1021.6 1021.55 1021.5 1021.45 1021.4 1021.35 1021.3 1021.25 1021.2 1021.15 1021.1 1021.05 1021 1020.95 1020.9 1020.85 1020.8 1020.75 1020.7
1024.1 1024.05 1024 1023.95 1023.9 1023.85 1023.8 1023.75 1023.7 1023.65 1023.6 1023.55 1023.5 1023.45 1023.4 1023.35 1023.3 1023.25 1023.2 1023.15 1023.1 1023.05 1023 1022.95 1022.9 1022.85 1022.8 1022.75 1022.7 1022.65 1022.6 1022.55 1022.5 1022.45 1022.4 1022.35 1022.3 1022.25 1022.2 1022.15 1022.1 1022.05 1022 1021.95 1021.9 1021.85 1021.8 1021.75 1021.7 1021.65 1021.6 1021.55 1021.5 1021.45 1021.4 1021.35 1021.3 1021.25 1021.2 1021.15 1021.1 1021.05 1021 1020.95 1020.9 1020.85 1020.8 1020.75 1020.7 1020.65 1020.6 1020.55 1020.5 1020.45
1023.85 1023.8 1023.75 1023.7 1023.65 1023.6 1023.55 1023.5 1023.45 1023.4 1023.35 1023.3 1023.25 1023.2 1023.15 1023.1 1023.05 1023 1022.95 1022.9 1022.85 1022.8 1022.75 1022.7 1022.65 1022.6 1022.55 1022.5 1022.45 1022.4 1022.35 1022.3 1022.25 1022.2 1022.15 1022.1 1022.05 1022 1021.95 1021.9 1021.85 1021.8 1021.75 1021.7 1021.65 1021.6 1021.55 1021.5 1021.45 1021.4 1021.35 1021.3 1021.25 1021.2 1021.15 1021.1 1021.05 1021 1020.95 1020.9 1020.85 1020.8 1020.75 1020.7 1020.65 1020.6 1020.55 1020.5 1020.45 1020.4 1020.35 1020.3 1020.25 1020.2
1023.6 1023.55 1023.5 1023.45 1023.4 1023.35 1023.3 1023.25 1023.2 1023.15 1023.1 1023.05 1023 1022.95 1022.9 1022.85 1022.8 1022.75 1022.7 1022.65 1022.6 1022.55 1022.5 1022.45 1022.4 1022.35 1022.3 1022.25 1022.2 1022.15 1022.1 1022.05 1022 1021.95 1021.9 1021.85 1021.8 1021.75 1021.7 1021.65 1021.6 1021.55 1021.5 1021.45 1021.4 1021.35 1021.3 1021.25 1021.2 1021.15 1021.1 1021.05 1021 1020.95 1020.9 1020.85 1020.8 1020.75 1020.7 1020.65 1020.6 1020.55 1020.5 1020.45 1020.4 1020.35 1020.3 1020.25 1020.2 1020.15 1020.1 1020.05 1020 1019.95
1023.35 1023.3 1023.25 1023.2 1023.15 1023.1 1023.05 1023 1022.95 1022.9 1022.85 1022.8 1022.75 1022.7 1022.65 1022.6 1022.55 1022.5 1022.45 1022.4 1022.35 1022.3 1022.25 1022.2 1022.15 1022.1 1022.05 1022 1021.95 1021.9 1021.85 1021.8 1021.75 1021.7 1021.65 1021.6 1021.55 1021.5 1021.45 1021.4 1021.35 1021.3 1021.25 1021.2 1021.15 1021.1 1021.05 1021 1020.95 1020.9 1020.85 1020.8 1020.75 1020.7 1020.65 1020.6 1020.55 1020.5 1020.45 1020.4 1020.35 1020.3 1020.25 1020.2 1020.15 1020.1 1020.05 1020 1019.95 1019.9 1019.85 1019.8 1019.75 1019.7
1023.1 1023.05 1023 1022.95 1022.9 1022.85 1022.8 1022.75 1022.7 1022.65 1022.6 1022.55 1022.5 1022.45 1022.4 1022.35 1022.3 1022.25 1022.2 1022.15 1022.1 1022.05 1022 1021.95 1021.9 1021.85 1021.8 1021.75 1021.7 1021.65 1021.6 1021.55 1021.5 1021.45 1021.4 1021.35 1021.3 1021.25 1021.2 1021.15 1021.1 1021.05 1021 1020.95 1020.9 1020.85 1020.8 1020.75 1020.7 1020.65 1020.6 1020.55 1020.5 1020.45 1020.4 1020.35 1020.3 1020.25 1020.2 1020.15 1020.1 1020.05 1020 1019.95 1019.9 1019.85 1019.8 1019.75 1019.7 1019.65 1019.6 1019.55 1019.5 1019.45
1022.85 1022.8 1022.75 1022.7 1022.65 1022.6 1022.55 1022.5 1022.45 1022.4 1022.35 1022.3 1022.25 1022.2 1022.15 1022.1 1022.05 1022 1021.95 1021.9 1021.85 1021.8 1021.75 1021.7 1021.65 1021.6 1021.55 1021.5 1021.45 1021.4 1021.35 1021.3 1021.25 1021.2 1021.15 1021.1 1021.05 1021 1020.95 1020.9 1020.85 1020.8 1020.75 1020.7 1020.65 1020.6 1020.55 1020.5 1020.45 1020.4 1020.35 1020.3 1020.25 1020.2 1020.15 1020.1 1020.05 1020 1019.95 1019.9 1019.85 1019.8 1019.75 1019.7 1019.65 1019.6 1019.55 1019.5 1019.45 1019.4 1019.35 1019.3 1019.25 1019.2
1022.6 1022.55 1022.5 1022.45 1022.4 1022.35 1022.3 1022.25 1022.2 1022.15 1022.1 1022.05 1022 1021.95 1021.9 1021.85 1021.8 1021.75 1021.7 1021.65 1021.6 1021.55 1021.5 1021.45 1021.4 1021.35 1021.3 1021.25 1021.2 1021.15 1021.1 1021.05 1021 1020.95 1020.9 1020.85 1020.8 1020.75 1020.7 1020.65 1020.6 1020.55 1020.5 1020.45 1020.4 1020.35 1020.3 1020.25 1020.2 1020.15 1020.1 1020.05 1020 1019.95 1019.9 1019.85 1019.8 1019.75 1019.7 1019.65 1019.6 1019.55 1019.5 1019.45 1019.4 1019.35 1019.3 1019.25 1019.2 1019.15 1019.1 1019.05 1019 1018.95
1022.35 1022.3 1022.25 1022.2 1022.15 1022.1 1022.05 1022 1021.95 1021.9 1021.85 1021.8 1021.75 1021.7 1021.65 1021.6 1021.55 1021.5 1021.45 1021.4 1021.35 1021.3 1021.25 1021.2 1021.15 1021.1 1021.05 1021 1020.95 1020.9 1020.85 1020.8 1020.75 1020.7 1020.65 1020.6 1020.55 1020.5 1020.45 1020.4 1020.35 1020.3 1020.25 1020.2 1020.15 1020.1 1020.05 1020 1019.95 1019.9 1019.85 1019.8 1019.75 1019.7 1019.65 1019.6 1019.55 1019.5 1019.45 1019.4 1019.35 1019.3 1019.25 1019.2 1019.15 1019.1 1019.05 1019 1018.95 1018.9 1018.85 1018.8 1018.75 1018.7
1022.1 1022.05 1022 1021.95 1021.9 1021.85 1021.8 1021.75 1021.7 1021.65 1021.6 1021.55 1021.5 1021.45 1021.4 1021.35 1021.3 1021.25 1021.2 1021.15 1021.1 1021.05 1021 1020.95 1020.9 1020.85 1020.8 1020.75 1020.7 1020.65 1020.6 1020.55 1020.5 1020.45 1020.4 1020.35 1020.3 1020.25 1020.2 1020.15 1020.1 1020.05 1020 1019.95 1019.9 1019.85 1019.8 1019.75 1019.7 1019.65 1019.6 1019.55 1019.5 1019.45 1019.4 1019.35 1019.3 1019.25 1019.2 1019.15 1019.1 1019.05 1019 1018.95 1018.9 1018.85 1018.8 1018.75 1018.7 1018.65 1018.6 1018.55 1018.5 1018.45
1021.85 1021.8 1021.75 1021.7 1021.65 1021.6 1021.55 1021.5 1021.45 1021.4 1021.35 1021.3 1021.25 1021.2 1021.15 1021.1 1021.05 1021 1020.95 1020.9 1020.85 1020.8 1020.75 1020.7 1020.65 1020.6 1020.55 1020.5 1020.45 1020.4 1020.35 1020.3 1020.25 1020.2 1020.15 1020.1 1020.05 1020 1019.95 1019.9 1019.85 1019.8 1019.75 1019.7 1019.65 1019.6 1019.55 1019.5 1019.45 1019.4 1019.35 1019.3 1019.25 1019.2 1019.15 1019.1 1019.05 1019 1018.95 1018.9 1018.85 1018.8 1018.75 1018.7 1018.65 1018.6 1018.55 1018.5 1018.45 1018.4 1018.35 1018.3 1018.25 1018.2
