2_modelagem-hidrodinamica/1_MDTs/i01Z05.tif
NCOLS 2400
NROWS 240
XLLCORNER 611086
YLLCORNER 7796520
CELLSIZE 5
NODATA_VALUE -9999
[rows 0 to 32 of 240, columns 1332 to 1405 of 2400]
963.25 963.2 963.15 963.1 963.05 963 962.95 962.9 962.85 962.8 962.75 962.7 962.65 962.6 962.55 962.5 962.45 962.4 962.35 962.3 962.25 962.2 962.15 962.1 962.05 962 961.95 961.9 961.85 961.8 961.75 961.7 961.65 961.6 961.55 961.5 961.45 961.4 961.35 961.3 961.25 961.2 961.15 961.1 961.05 961 960.95 960.9 960.85 960.8 960.75 960.7 960.65 960.6 960.55 960.5 960.45 960.4 960.35 960.3 960.25 960.2 960.15 960.1 960.05 960 959.95 959.9 959.85 959.8 959.75 959.7 959.65 959.6
963 962.95 962.9 962.85 962.8 962.75 962.7 962.65 962.6 962.55 962.5 962.45 962.4 962.35 962.3 962.25 962.2 962.15 962.1 962.05 962 961.95 961.9 961.85 961.8 961.75 961.7 961.65 961.6 961.55 961.5 961.45 961.4 961.35 961.3 961.25 961.2 961.15 961.1 961.05 961 960.95 960.9 960.85 960.8 960.75 960.7 960.65 960.6 960.55 960.5 960.45 960.4 960.35 960.3 960.25 960.2 960.15 960.1 960.05 960 959.95 959.9 959.85 959.8 959.75 959.7 959.65 959.6 959.55 959.5 959.45 959.4 959.35
962.75 962.7 962.65 962.6 962.55 962.5 962.45 962.4 962.35 962.3 962.25 962.2 962.15 962.1 962.05 962 961.95 961.9 961.85 961.8 961.75 961.7 961.65 961.6 961.55 961.5 961.45 961.4 961.35 961.3 961.25 961.2 961.15 961.1 961.05 961 960.95 960.9 960.85 960.8 960.75 960.7 960.65 960.6 960.55 960.5 960.45 960.4 960.35 960.3 960.25 960.2 960.15 960.1 960.05 960 959.95 959.9 959.85 959.8 959.75 959.7 959.65 959.6 959.55 959.5 959.45 959.4 959.35 959.3 959.25 959.2 959.15 959.1
962.5 962.45 962.4 962.35 962.3 962.25 962.2 962.15 962.1 962.05 962 961.95 961.9 961.85 961.8 961.75 961.7 961.65 961.6 961.55 961.5 961.45 961.4 961.35 961.3 961.25 961.2 961.15 961.1 961.05 961 960.95 960.9 960.85 960.8 960.75 960.7 960.65 960.6 960.55 960.5 960.45 960.4 960.35 960.3 960.25 960.2 960.15 960.1 960.05 960 959.95 959.9 959.85 959.8 959.75 959.7 959.65 959.6 959.55 959.5 959.45 959.4 959.35 959.3 959.25 959.2 959.15 959.1 959.05 959 958.95 958.9 958.85
962.25 962.2 962.15 962.1 962.05 962 961.95 961.9 961.85 961.8 961.75 961.7 961.65 961.6 961.55 961.5 961.45 961.4 961.35 961.3 961.25 961.2 961.15 961.1 961.05 961 960.95 960.9 960.85 960.8 960.75 960.7 960.65 960.6 960.55 960.5 960.45 960.4 960.35 960.3 960.25 960.2 960.15 960.1 960.05 960 959.95 959.9 959.85 959.8 959.75 959.7 959.65 959.6 959.55 959.5 959.45 959.4 959.35 959.3 959.25 959.2 959.15 959.1 959.05 959 958.95 958.9 958.85 958.8 958.75 958.7 958.65 958.6
962 961.95 961.9 961.85 961.8 961.75 961.7 961.65 961.6 961.55 961.5 961.45 961.4 961.35 961.3 961.25 961.2 961.15 961.1 961.05 961 960.95 960.9 960.85 960.8 960.75 960.7 960.65 960.6 960.55 960.5 960.45 960.4 960.35 960.3 960.25 960.2 960.15 960.1 960.05 960 959.95 959.9 959.85 959.8 959.75 959.7 959.65 959.6 959.55 959.5 959.45 959.4 959.35 959.3 959.25 959.2 959.15 959.1 959.05 959 958.95 958.9 958.85 958.8 958.75 958.7 958.65 958.6 958.55 958.5 958.45 958.4 958.35
961.75 961.7 961.65 961.6 961.55 961.5 961.45 961.4 961.35 961.3 961.25 961.2 961.15 961.1 961.05 961 960.95 960.9 960.85 960.8 960.75 960.7 960.65 960.6 960.55 960.5 960.45 960.4 960.35 960.3 960.25 960.2 960.15 960.1 960.05 960 959.95 959.9 959.85 959.8 959.75 959.7 959.65 959.6 959.55 959.5 959.45 959.4 959.35 959.3 959.25 959.2 959.15 959.1 959.05 959 958.95 958.9 958.85 958.8 958.75 958.7 958.65 958.6 958.55 958.5 958.45 958.4 958.35 958.3 958.25 958.2 958.15 958.1
961.5 961.45 961.4 961.35 961.3 961.25 961.2 961.15 961.1 961.05 961 960.95 960.9 960.85 960.8 960.75 960.7 960.65 960.6 960.55 960.5 960.45 960.4 960.35 960.3 960.25 960.2 960.15 960.1 960.05 960 959.95 959.9 959.85 959.8 959.75 959.7 959.65 959.6 959.55 959.5 959.45 959.4 959.35 959.3 959.25 959.2 959.15 959.1 959.05 959 958.95 958.9 958.85 958.8 958.75 958.7 958.65 958.6 958.55 958.5 958.45 958.4 958.35 958.3 958.25 958.2 958.15 958.1 958.05 958 957.95 957.9 957.85
961.25 961.2 961.15 961.1 961.05 961 960.95 960.9 960.85 960.8 960.75 960.7 960.65 960.6 960.55 960.5 960.45 960.4 960.35 960.3 960.25 960.2 960.15 960.1 960.05 960 959.95 959.9 959.85 959.8 959.75 959.7 959.65 959.6 959.55 959.5 959.45 959.4 959.35 959.3 959.25 959.2 959.15 959.1 959.05 959 958.95 958.9 958.85 958.8 958.75 958.7 958.65 958.6 958.55 958.5 958.45 958.4 958.35 958.3 958.25 958.2 958.15 958.1 958.05 958 957.95 957.9 957.85 957.8 957.75 957.7 957.65 957.6
961 960.95 960.9 960.85 960.8 960.75 960.7 960.65 960.6 960.55 960.5 960.45 960.4 960.35 960.3 960.25 960.2 960.15 960.1 960.05 960 959.95 959.9 959.85 959.8 959.75 959.7 959.65 959.6 959.55 959.5 959.45 959.4 959.35 959.3 959.25 959.2 959.15 959.1 959.05 959 958.95 958.9 958.85 958.8 958.75 958.7 958.65 958.6 958.55 958.5 958.45 958.4 958.35 958.3 958.25 958.2 958.15 958.1 958.05 958 957.95 957.9 957.85 957.8 957.75 957.7 957.65 957.6 957.55 957.5 957.45 957.4 957.35
960.75 960.7 960.65 960.6 960.55 960.5 960.45 960.4 960.35 960.3 960.25 960.2 960.15 960.1 960.05 960 959.95 959.9 959.85 959.8 959.75 959.7 959.65 959.6 959.55 959.5 959.45 959.4 959.35 959.3 959.25 959.2 959.15 959.1 959.05 959 958.95 958.9 958.85 958.8 958.75 958.7 958.65 958.6 958.55 958.5 958.45 958.4 958.35 958.3 958.25 958.2 958.15 958.1 958.05 958 957.95 957.9 957.85 957.8 957.75 957.7 957.65 957.6 957.55 957.5 957.45 957.4 957.35 957.3 957.25 957.2 957.15 957.1
960.5 960.45 960.4 960.35 960.3 960.25 960.2 960.15 960.1 960.05 960 959.95 959.9 959.85 959.8 959.75 959.7 959.65 959.6 959.55 959.5 959.45 959.4 959.35 959.3 959.25 959.2 959.15 959.1 959.05 959 958.95 958.9 958.85 958.8 958.75 958.7 958.65 958.6 958.55 958.5 958.45 958.4 958.35 958.3 958.25 958.2 958.15 958.1 958.05 958 957.95 957.9 957.85 957.8 957.75 957.7 957.65 957.6 957.55 957.5 957.45 957.4 957.35 957.3 957.25 957.2 957.15 957.1 957.05 957 956.95 956.9 956.85
960.25 960.2 960.15 960.1 960.05 960 959.95 959.9 959.85 959.8 959.75 959.7 959.65 959.6 959.55 959.5 959.45 959.4 959.35 959.3 959.25 959.2 959.15 959.1 959.05 959 958.95 958.9 958.85 958.8 958.75 958.7 958.65 958.6 958.55 958.5 958.45 958.4 958.35 958.3 958.25 958.2 958.15 958.1 958.05 958 957.95 957.9 957.85 957.8 957.75 957.7 957.65 957.6 957.55 957.5 957.45 957.4 957.35 957.3 957.25 957.2 957.15 957.1 957.05 957 956.95 956.9 956.85 956.8 956.75 956.7 956.65 956.6
960 959.95 959.9 959.85 959.8 959.75 959.7 959.65 959.6 959.55 959.5 959.45 959.4 959.35 959.3 959.25 959.2 959.15 959.1 959.05 959 958.95 958.9 958.85 958.8 958.75 958.7 958.65 958.6 958.55 958.5 958.45 958.4 958.35 958.3 958.25 958.2 958.15 958.1 958.05 958 957.95 957.9 957.85 957.8 957.75 957.7 957.65 957.6 957.55 957.5 957.45 957.4 957.35 957.3 957.25 957.2 957.15 957.1 957.05 957 956.95 956.9 956.85 956.8 956.75 956.7 956.65 956.6 956.55 956.5 956.45 956.4 956.35
959.75 959.7 959.65 959.6 959.55 959.5 959.45 959.4 959.35 959.3 959.25 959.2 959.15 959.1 959.05 959 958.95 958.9 958.85 958.8 958.75 958.7 958.65 958.6 958.55 958.5 958.45 958.4 958.35 958.3 958.25 958.2 958.15 958.1 958.05 958 957.95 957.9 957.85 957.8 957.75 957.7 957.65 957.6 957.55 957.5 957.45 957.4 957.35 957.3 957.25 957.2 957.15 957.1 957.05 957 956.95 956.9 956.85 956.8 956.75 956.7 956.65 956.6 956.55 956.5 956.45 956.4 956.35 956.3 956.25 956.2 956.15 956.1
959.5 959.45 959.4 959.35 959.3 959.25 959.2 959.15 959.1 959.05 959 958.95 958.9 958.85 958.8 958.75 958.7 958.65 958.6 958.55 958.5 958.45 958.4 958.35 958.3 958.25 958.2 958.15 958.1 958.05 958 957.95 957.9 957.85 957.8 957.75 957.7 957.65 957.6 957.55 957.5 957.45 957.4 957.35 957.3 957.25 957.2 957.15 957.1 957.05 957 956.95 956.9 956.85 956.8 956.75 956.7 956.65 956.6 956.55 956.5 956.45 956.4 956.35 956.3 956.25 956.2 956.15 956.1 956.05 956 955.95 955.9 955.85
959.25 959.2 959.15 959.1 959.05 959 958.95 958.9 958.85 958.8 958.75 958.7 958.65 958.6 958.55 958.5 958.45 958.4 958.35 958.3 958.25 958.2 958.15 958.1 958.05 958 957.95 957.9 957.85 957.8 957.75 957.7 957.65 957.6 957.55 957.5 957.45 957.4 957.35 957.3 957.25 957.2 957.15 957.1 957.05 957 956.95 956.9 956.85 956.8 956.75 956.7 956.65 956.6 956.55 956.5 956.45 956.4 956.35 956.3 956.25 956.2 956.15 956.1 956.05 956 955.95 955.9 955.85 955.8 955.75 955.7 955.65 955.6
959 958.95 958.9 958.85 958.8 958.75 958.7 958.65 958.6 958.55 958.5 958.45 958.4 958.35 958.3 958.25 958.2 958.15 958.1 958.05 958 957.95 957.9 957.85 957.8 957.75 957.7 957.65 957.6 957.55 957.5 957.45 957.4 957.35 957.3 957.25 957.2 957.15 957.1 957.05 957 956.95 956.9 956.85 956.8 956.75 956.7 956.65 956.6 956.55 956.5 956.45 956.4 956.35 956.3 956.25 956.2 956.15 956.1 956.05 956 955.95 955.9 955.85 955.8 955.75 955.7 955.65 955.6 955.55 955.5 955.45 955.4 955.35
958.75 958.7 958.65 958.6 958.55 958.5 958.45 958.4 958.35 958.3 958.25 958.2 958.15 958.1 958.05 958 957.95 957.9 957.85 957.8 957.75 957.7 957.65 957.6 957.55 957.5 957.45 957.4 957.35 957.3 957.25 957.2 957.15 957.1 957.05 957 956.95 956.9 956.85 956.8 956.75 956.7 956.65 956.6 956.55 956.5 956.45 956.4 956.35 956.3 956.25 956.2 956.15 956.1 956.05 956 955.95 955.9 955.85 955.8 955.75 955.7 955.65 955.6 955.55 955.5 955.45 955.4 955.35 955.3 955.25 955.2 955.15 955.1
958.5 958.45 958.4 958.35 958.3 958.25 958.2 958.15 958.1 958.05 958 957.95 957.9 957.85 957.8 957.75 957.7 957.65 957.6 957.55 957.5 957.45 957.4 957.35 957.3 957.25 957.2 957.15 957.1 957.05 957 956.95 956.9 956.85 956.8 956.75 956.7 956.65 956.6 956.55 956.5 956.45 956.4 956.35 956.3 956.25 956.2 956.15 956.1 956.05 956 955.95 955.9 955.85 955.8 955.75 955.7 955.65 955.6 955.55 955.5 955.45 955.4 955.35 955.3 955.25 955.2 955.15 955.1 955.05 955 954.95 954.9 954.85
958.25 958.2 958.15 958.1 958.05 958 957.95 957.9 957.85 957.8 957.75 957.7 957.65 957.6 957.55 957.5 957.45 957.4 957.35 957.3 957.25 957.2 957.15 957.1 957.05 957 956.95 956.9 956.85 956.8 956.75 956.7 956.65 956.6 956.55 956.5 956.45 956.4 956.35 956.3 956.25 956.2 956.15 956.1 956.05 956 955.95 955.9 955.85 955.8 955.75 955.7 955.65 955.6 955.55 955.5 955.45 955.4 955.35 955.3 955.25 955.2 955.15 955.1 955.05 955 954.95 954.9 954.85 954.8 954.75 954.7 954.65 954.6
958 957.95 957.9 957.85 957.8 957.75 957.7 957.65 957.6 957.55 957.5 957.45 957.4 957.35 957.3 957.25 957.2 957.15 957.1 957.05 957 956.95 956.9 956.85 956.8 956.75 956.7 956.65 956.6 956.55 956.5 956.45 956.4 956.35 956.3 956.25 956.2 956.15 956.1 956.05 956 955.95 955.9 955.85 955.8 955.75 955.7 955.65 955.6 955.55 955.5 955.45 955.4 955.35 955.3 955.25 955.2 955.15 955.1 955.05 955 954.95 954.9 954.85 954.8 954.75 954.7 954.65 954.6 954.55 954.5 954.45 954.4 954.35
957.75 957.7 957.65 957.6 957.55 957.5 957.45 957.4 957.35 957.3 957.25 957.2 957.15 957.1 957.05 957 956.95 956.9 956.85 956.8 956.75 956.7 956.65 956.6 956.55 956.5 956.45 956.4 956.35 956.3 956.25 956.2 956.15 956.1 956.05 956 955.95 955.9 955.85 955.8 955.75 955.7 955.65 955.6 955.55 955.5 955.45 955.4 955.35 955.3 955.25 955.2 955.15 955.1 955.05 955 954.95 954.9 954.85 954.8 954.75 954.7 954.65 954.6 954.55 954.5 954.45 954.4 954.35 954.3 954.25 954.2 954.15 954.1
957.5 957.45 957.4 957.35 957.3 957.25 957.2 957.15 957.1 957.05 957 956.95 956.9 956.85 956.8 956.75 956.7 956.65 956.6 956.55 956.5 956.45 956.4 956.35 956.3 956.25 956.2 956.15 956.1 956.05 956 955.95 955.9 955.85 955.8 955.75 955.7 955.65 955.6 955.55 955.5 955.45 955.4 955.35 955.3 955.25 955.2 955.15 955.1 955.05 955 954.95 954.9 954.85 954.8 954.75 954.7 954.65 954.6 954.55 954.5 954.45 954.4 954.35 954.3 954.25 954.2 954.15 954.1 954.05 954 953.95 953.9 953.85
957.25 957.2 957.15 957.1 957.05 957 956.95 956.9 956.85 956.8 956.75 956.7 956.65 956.6 956.55 956.5 956.45 956.4 956.35 956.3 956.25 956.2 956.15 956.1 956.05 956 955.95 955.9 955.85 955.8 955.75 955.7 955.65 955.6 955.55 955.5 955.45 955.4 955.35 955.3 955.25 955.2 955.15 955.1 955.05 955 954.95 954.9 954.85 954.8 954.75 954.7 954.65 954.6 954.55 954.5 954.45 954.4 954.35 954.3 954.25 954.2 954.15 954.1 954.05 954 953.95 953.9 953.85 953.8 953.75 953.7 953.65 953.6
957 956.95 956.9 956.85 956.8 956.75 956.7 956.65 956.6 956.55 956.5 956.45 956.4 956.35 956.3 956.25 956.2 956.15 956.1 956.05 956 955.95 955.9 955.85 955.8 955.75 955.7 955.65 955.6 955.55 955.5 955.45 955.4 955.35 955.3 955.25 955.2 955.15 955.1 955.05 955 954.95 954.9 954.85 954.8 954.75 954.7 954.65 954.6 954.55 954.5 954.45 954.4 954.35 954.3 954.25 954.2 954.15 954.1 954.05 954 953.95 953.9 953.85 953.8 953.75 953.7 953.65 953.6 953.55 953.5 953.45 953.4 953.35
956.75 956.7 956.65 956.6 956.55 956.5 956.45 956.4 956.35 956.3 956.25 956.2 956.15 956.1 956.05 956 955.95 955.9 955.85 955.8 955.75 955.7 955.65 955.6 955.55 955.5 955.45 955.4 955.35 955.3 955.25 955.2 955.15 955.1 955.05 955 954.95 954.9 954.85 954.8 954.75 954.7 954.65 954.6 954.55 954.5 954.45 954.4 954.35 954.3 954.25 954.2 954.15 954.1 954.05 954 953.95 953.9 953.85 953.8 953.75 953.7 953.65 953.6 953.55 953.5 953.45 953.4 953.35 953.3 953.25 953.2 953.15 953.1
956.5 956.45 956.4 956.35 956.3 956.25 956.2 956.15 956.1 956.05 956 955.95 955.9 955.85 955.8 955.75 955.7 955.65 955.6 955.55 955.5 955.45 955.4 955.35 955.3 955.25 955.2 955.15 955.1 955.05 955 954.95 954.9 954.85 954.8 954.75 954.7 954.65 954.6 954.55 954.5 954.45 954.4 954.35 954.3 954.25 954.2 954.15 954.1 954.05 954 953.95 953.9 953.85 953.8 953.75 953.7 953.65 953.6 953.55 953.5 953.45 953.4 953.35 953.3 953.25 953.2 953.15 953.1 953.05 953 952.95 952.9 952.85
956.25 956.2 956.15 956.1 956.05 956 955.95 955.9 955.85 955.8 955.75 955.7 955.65 955.6 955.55 955.5 955.45 955.4 955.35 955.3 955.25 955.2 955.15 955.1 955.05 955 954.95 954.9 954.85 954.8 954.75 954.7 954.65 954.6 954.55 954.5 954.45 954.4 954.35 954.3 954.25 954.2 954.15 954.1 954.05 954 953.95 953.9 953.85 953.8 953.75 953.7 953.65 953.6 953.55 953.5 953.45 953.4 953.35 953.3 953.25 953.2 953.15 953.1 953.05 953 952.95 952.9 952.85 952.8 952.75 952.7 952.65 952.6
956 955.95 955.9 955.85 955.8 955.75 955.7 955.65 955.6 955.55 955.5 955.45 955.4 955.35 955.3 955.25 955.2 955.15 955.1 955.05 955 954.95 954.9 954.85 954.8 954.75 954.7 954.65 954.6 954.55 954.5 954.45 954.4 954.35 954.3 954.25 954.2 954.15 954.1 954.05 954 953.95 953.9 953.85 953.8 953.75 953.7 953.65 953.6 953.55 953.5 953.45 953.4 953.35 953.3 953.25 953.2 953.15 953.1 953.05 953 952.95 952.9 952.85 952.8 952.75 952.7 952.65 952.6 952.55 952.5 952.45 952.4 952.35
955.75 955.7 955.65 955.6 955.55 955.5 955.45 955.4 955.35 955.3 955.25 955.2 955.15 955.1 955.05 955 954.95 954.9 954.85 954.8 954.75 954.7 954.65 954.6 954.55 954.5 954.45 954.4 954.35 954.3 954.25 954.2 954.15 954.1 954.05 954 953.95 953.9 953.85 953.8 953.75 953.7 953.65 953.6 953.55 953.5 953.45 953.4 953.35 953.3 953.25 953.2 953.15 953.1 953.05 953 952.95 952.9 952.85 952.8 952.75 952.7 952.65 952.6 952.55 952.5 952.45 952.4 952.35 952.3 952.25 952.2 952.15 952.1
955.5 955.45 955.4 955.35 955.3 955.25 955.2 955.15 955.1 955.05 955 954.95 954.9 954.85 954.8 954.75 954.7 954.65 954.6 954.55 954.5 954.45 954.4 954.35 954.3 954.25 954.2 954.15 954.1 954.05 954 953.95 953.9 953.85 953.8 953.75 953.7 953.65 953.6 953.55 953.5 953.45 953.4 953.35 953.3 953.25 953.2 953.15 953.1 953.05 953 952.95 952.9 952.85 952.8 952.75 952.7 952.65 952.6 952.55 952.5 952.45 952.4 952.35 952.3 952.25 952.2 952.15 952.1 952.05 952 951.95 951.9 951.85
955.25 955.2 955.15 955.1 955.05 955 954.95 954.9 954.85 954.8 954.75 954.7 954.65 954.6 954.55 954.5 954.45 954.4 954.35 954.3 954.25 954.2 954.15 954.1 954.05 954 953.95 953.9 953.85 953.8 953.75 953.7 953.65 953.6 953.55 953.5 953.45 953.4 953.35 953.3 953.25 953.2 953.15 953.1 953.05 953 952.95 952.9 952.85 952.8 952.75 952.7 952.65 952.6 952.55 952.5 952.45 952.4 952.35 952.3 952.25 952.2 952.15 952.1 952.05 952 951.95 951.9 951.85 951.8 951.75 951.7 951.65 951.6
